-36.6604440110565	-74.9162446072096	92	157	184	Point_1
-15.1888691459353	-86.9541931320319	119	242	177	A
-2.37980144503579	-13.6130195035729	194	85	235	B
-63.7357240659781	47.5685387660181	118	35	37	Point_4
25.1747061127926	53.8721659905903	126	153	64	Point
46.2471484909089	73.5585309839381	235	156	250 Punkt
24.5081112119164	-96.4833813631093	53	248	76	C
46.8395168291884	-34.7700932401941	216	207	180	Point_8
-95.3991126822209	-54.2734842567014	65	204	119	D
-59.0309831813402	-8.42911506715902	174	130	85	A0
-32.1120508398295	38.3475120322876	48	22	23	A1
-23.6319262856989	73.7441565084207	90	179	96	A2
-46.3673375743822	45.1848033761496	12	27	129	A4
16.3842677211251	-72.7269054814188	153	207	13	Point_14
70.4454159234522	39.4828785234794	164	36	139	Point_15
-38.7439371585368	23.1823427961747	34	231	33  B1
53.7760129294745	86.2460490889244	214	247	82	B2